   PRES   HGHT   TEMP   DWPT   RELH   MIXR   DRCT   SKNT   THTA   THTE   THTV
1003.0     31   29.6   15.6     43  11.23    345      3  302.5  336.0  304.5
 1000.0     48   29.6   16.6     46  12.02     30      3  302.8  338.6  304.9
  976.0    265   27.2   16.2     51  12.01     44      5  302.4  338.2  304.6
  925.0    743   28.4   13.4     40  10.55     75     11  308.3  340.7  310.3
  923.0    762   28.4   13.4     40  10.60     75     11  308.5  341.0  310.5
  909.0    898   28.1   13.8     41  11.01     60     10  309.6  343.5  311.7
  900.0    987   28.0   14.0     42  11.28     58      9  310.4  345.2  312.5
  885.0   1135   26.9   13.5     44  11.08     55      8  310.7  344.9  312.8
  878.0   1205   26.4   13.2     44  10.99     60      9  310.9  344.8  312.9
  850.0   1491   24.2   12.2     47  10.61     45     10  311.5  344.4  313.5
  849.0   1501   24.1   12.2     47  10.59     45     10  311.5  344.4  313.5
  838.0   1614   23.2   11.6     48  10.32     55     10  311.7  343.8  313.6
  822.0   1781   21.8   10.7     49   9.94    100     10  311.9  342.9  313.8
  820.0   1802   21.6   10.6     49   9.89    115     10  312.0  342.8  313.8
  813.0   1876   21.0   10.2     50   9.73    195      9  312.1  342.4  313.9
  792.0   2102   19.2    9.1     52   9.24    255      9  312.4  341.3  314.2
  762.0   2437   16.4    7.4     55   8.55    192     11  312.9  339.8  314.5
  761.0   2448   16.3    7.4     56   8.58    190     11  312.9  339.8  314.5
  749.0   2583   14.8    7.8     63   8.94    192     10  312.7  340.7  314.4
  732.0   2776   13.1    6.8     65   8.53    195      9  312.9  339.7  314.6
  709.0   3045   10.7    5.4     69   7.98    190      9  313.2  338.3  314.7
  700.0   3152    9.8    4.8     71   7.76    200     10  313.3  337.8  314.8
  692.0   3247    9.4    1.4     57   6.16    190      9  313.9  333.5  315.1
  679.0   3405    9.2    0.2     53   5.75    159     10  315.4  333.9  316.5
  671.0   3502    8.6   -1.7     48   5.05    140     10  315.8  332.2  316.8
  644.0   3841    6.6   -8.4     33   3.17     87     10  317.2  327.8  317.8
  626.0   4070    4.8   -9.9     33   2.88     50     10  317.8  327.4  318.3
  616.0   4200    3.8  -10.8     34   2.73     50     12  318.1  327.3  318.6
  574.0   4771   -0.7  -14.7     34   2.14     55     13  319.3  326.6  319.7
  572.0   4799   -1.1  -13.6     38   2.36     55     13  319.2  327.2  319.6
  566.0   4883   -2.1  -10.1     54   3.15     57     13  318.9  329.5  319.5
  554.0   5053   -3.1   -9.2     63   3.45     60     13  319.7  331.2  320.4
  547.0   5154   -3.7   -8.7     68   3.64     53     12  320.1  332.3  320.9
  526.0   5462   -4.5  -13.8     48   2.52     30      9  322.7  331.4  323.2
  508.0   5736   -5.3  -18.3     35   1.79    345     11  325.0  331.4  325.4
  500.0   5860   -5.5  -18.5     35   1.79    325     12  326.3  332.6  326.6
  499.0   5876   -5.6  -18.6     35   1.78    325     13  326.3  332.7  326.7
  485.0   6099   -6.9  -19.9     35   1.63    326     14  327.4  333.3  327.7
  478.0   6213   -7.9  -20.9     34   1.52    327     15  327.5  333.0  327.8
  438.0   6884  -12.4  -23.9     38   1.27    330     19  330.1  334.8  330.4
  403.0   7523  -16.7  -26.8     41   1.06    335     22  332.5  336.4  332.7
  400.0   7580  -17.1  -27.1     42   1.04    335     22  332.7  336.6  332.9
  393.0   7712  -19.3  -28.3     45   0.95    337     22  331.5  335.1  331.7
  344.0   8684  -27.1  -40.1     28   0.34    348     22  333.8  335.1  333.8
  317.0   9262  -32.6  -42.5     37   0.29    355     22  334.0  335.1  334.0
  305.0   9534  -35.2  -43.6     42   0.26      0     21  334.0  335.1  334.1
  302.0   9604  -35.9  -43.9     44   0.26    348     20  334.0  335.1  334.1
  300.0   9650  -36.5  -44.5     43   0.24    340     20  333.8  334.8  333.9
  297.0   9720  -36.1  -44.1     44   0.26    325     20  335.3  336.4  335.4
  293.0   9814  -35.5  -45.5     35   0.22    317     21  337.5  338.4  337.5
  292.0   9838  -35.5                         315     21  337.9         337.9
  268.0  10436  -34.1                         290     27  348.2         348.2
  253.0  10837  -36.1                         273     31  351.1         351.1
  250.0  10920  -37.1                         270     32  350.8         350.8
  223.0  11704  -40.4                         245     47  357.4         357.4
  200.0  12450  -43.5                         240     45  363.7         363.7
  151.0  14296  -52.3                         235     34  379.1         379.1
  150.0  14340  -52.5                         235     34  379.4         379.4
  124.0  15555  -59.7                         220     35  387.5         387.5
  101.0  16828  -64.1                         215     28  402.5         402.5
  100.0  16890  -64.3                         215     28  403.2         403.2
   88.0  17665  -66.2                         250     16  414.3         414.3
   82.1  18086  -67.3                         181     17  420.5         420.5
   82.0  18093  -67.3                         180     17  420.6         420.6
   74.9  18640  -66.5                         176     17  433.3         433.3
   74.0  18713  -66.2                         175     17  435.4         435.4
   71.0  18964  -65.2                         115     13  442.7         442.7
   70.0  19050  -64.9                         105     13  445.2         445.2
   66.0  19409  -65.1                         105     20  452.3         452.3
   62.5  19742  -65.3                         125     21  459.0         459.0
   60.0  19994  -64.3                         140     22  466.5         466.5
   57.0  20311  -63.1                         150     14  476.1         476.1
   56.0  20420  -62.7                          80     10  479.4         479.4
   51.0  20998  -60.6                          95     15  497.5         497.5
   50.0  21120  -60.1                          95     16  501.4         501.4
   48.8  21271  -60.1                          96     19  504.9         504.9
   46.0  21641  -59.4                         100     27  515.3         515.3
   41.0  22361  -57.9                         105     30  536.1         536.1
   39.6  22579  -57.5                         105     31  542.5         542.5
   37.0  23010  -56.7                         105     32  555.1         555.1
   32.0  23931  -55.0                          95     37  583.1         583.1
   30.0  24340  -54.3                         100     30  596.0         596.0
   28.0  24789  -53.5                          95     24  610.0         610.0
   22.0  26359  -50.9                          95     41  661.2         661.2
   20.0  26980  -49.9                         100     40  682.7         682.7
   17.3  27935  -48.7                          97     41  715.4         715.4
   10.0  31600  -43.1                          85     45  857.5         857.5
    9.6  31875  -43.3                                     866.8         866.8