"Dates.dec" "GHIsat" "GHIstation"
2015 4.5299 4.5437
2015.00274 4.66562 4.3978
2015.00548 NaN NaN
2015.00822 4.82143 4.6581
2015.01096 NaN NaN
2015.0137 NaN NaN
2015.01644 NaN NaN
2015.01918 NaN NaN
2015.02192 NaN NaN
2015.02466 4.48968 4.3937
2015.0274 4.09457 3.7944
2015.03014 3.97666 3.7545
2015.03288 3.64434 3.8768
2015.03562 2.54872 3.2195
2015.03836 4.10154 4.613
2015.0411 3.42735 4.2576
2015.04384 4.68106 4.3568
2015.04658 4.62352 4.4711
2015.04932 1.46915 4.6199
2015.05205 5.27164 4.8515
2015.05479 NaN NaN
2015.05753 5.25908 4.8919
2015.06027 NaN NaN
2015.06301 5.1173 4.8975
2015.06575 5.25384 5.0686
2015.06849 5.15603 5.1577
2015.07123 5.43513 5.1017
2015.07397 5.15139 5.074
2015.07671 5.55546 5.129
2015.07945 5.34843 5.2219
2015.08219 5.42574 5.0963
2015.08493 4.98258 4.7263
2015.08767 5.04976 4.9323
2015.09041 5.26775 4.885
2015.09315 5.26608 5.1859
2015.09589 5.13503 4.9205
2015.09863 4.89131 5.1915
2015.10137 5.60559 5.2486
2015.10411 5.43317 5.49
2015.10685 NaN NaN
2015.10959 5.43572 4.6651
2015.11233 5.03074 5.0945
2015.11507 6.01162 5.557
2015.11781 5.27613 4.9901
2015.12055 6.25722 5.629
2015.12329 6.10265 5.7157
2015.12603 6.21176 5.6741
2015.12877 6.21646 5.8218
2015.13151 4.67151 4.3835
2015.13425 2.68084 5.0364
2015.13699 5.64485 5.3638
2015.13973 3.38297 4.6761
2015.14247 6.35367 5.984
2015.14521 6.44824 5.8628
2015.14795 6.41245 6.1518
2015.15068 2.58644 5.689
2015.15342 6.52529 5.8906
2015.15616 6.47746 5.9512
2015.1589 6.81266 6.1253
2015.16164 6.34097 6.2973
2015.16438 7.0651 6.2658
2015.16712 6.52604 6.653
2015.16986 6.7894 6.6623
2015.1726 5.68558 5.6128
2015.17534 6.15215 5.7535
2015.17808 7.08899 6.5695
2015.18082 6.39025 6.5911
2015.18356 7.38875 6.8319
2015.1863 5.91917 5.9999
2015.18904 6.65239 6.3979
2015.19178 6.72652 6.8929
2015.19452 7.20918 7.0078
2015.19726 NaN NaN
2015.2 7.17245 7.1168
2015.20274 7.69016 7.048
2015.20548 7.13893 7.1569
2015.20822 7.75653 7.179
2015.21096 6.87232 6.8075
2015.2137 7.36057 6.6756
2015.21644 7.42723 6.9669
2015.21918 7.37149 7.1471
2015.22192 7.93827 6.9629
2015.22466 7.50178 7.2088
2015.2274 5.51241 6.5974
2015.23014 7.50667 7.444
2015.23288 8.17081 7.3731
2015.23562 7.65555 7.4265
2015.23836 7.69481 7.3702
2015.2411 NaN NaN
2015.24384 7.78213 7.4844
2015.24658 8.36188 7.5801
2015.24932 7.88367 7.6571
2015.25205 8.50361 7.6136
2015.25479 8.06735 7.731
2015.25753 7.95897 7.4023
2015.26027 7.77967 7.8099
2015.26301 7.982 7.8368
2015.26575 7.91513 7.532
2015.26849 7.61162 7.6662
2015.27123 8.34373 7.8341
2015.27397 NaN NaN
2015.27671 7.26668 6.8906
2015.27945 5.87343 5.6995
2015.28219 NaN NaN
2015.28493 NaN NaN
2015.28767 5.25574 3.751
2015.29041 7.45774 7.2061
2015.29315 5.71112 5.8156
2015.29589 6.58363 6.502
2015.29863 8.17403 7.8442
2015.30137 8.20599 7.9893
2015.30411 NaN NaN
2015.30685 7.71598 8.0845
2015.30959 8.63488 7.8705
2015.31233 8.28501 7.8966
2015.31507 8.54924 7.9228
2015.31781 8.65639 8.1443
2015.32055 8.85733 8.4193
2015.32329 NaN NaN
2015.32603 8.40841 8.3408
2015.32877 6.63341 6.5485
2015.33151 8.62667 7.9132
2015.33425 8.23221 8.1507
2015.33699 8.70201 8.2262
2015.33973 8.73507 8.3239
2015.34247 8.80078 8.3737
2015.34521 9.25609 8.3887
2015.34795 8.80005 8.3546
2015.35068 9.00346 8.3517
2015.35342 8.51895 8.3578
2015.35616 9.16617 8.5437
2015.3589 9.31637 8.8799
2015.36164 9.2271 8.3024
2015.36438 9.29531 8.4872
2015.36712 NaN NaN
2015.36986 9.04981 8.1596
2015.3726 8.5431 8.2413
2015.37534 8.51792 7.5352
2015.37808 6.53632 7.685
2015.38082 7.16412 6.4469
2015.38356 8.88616 8.2979
2015.3863 7.95623 7.5462
2015.38904 9.36611 8.49
2015.39178 8.90019 8.2719
2015.39452 9.09739 8.3619
2015.39726 8.6757 7.839
2015.4 9.07141 8.3005
2015.40274 7.53057 6.8402
2015.40548 NaN NaN
2015.40822 NaN NaN
2015.41096 NaN NaN
2015.4137 NaN NaN
2015.41644 NaN NaN
2015.41918 7.52519 7.9645
2015.42192 9.04167 8.1993
2015.42466 7.95673 8.2955
2015.4274 8.96537 8.4378
2015.43014 8.32257 8.5999
2015.43288 8.67642 8.4556
2015.43562 8.07671 8.1086
2015.43836 8.32305 8.742
2015.4411 NaN NaN
2015.44384 8.24674 9.0197
2015.44658 9.14032 8.5037
2015.44932 8.02445 7.8741
2015.45205 8.32013 7.8052
2015.45479 7.88636 7.8371
2015.45753 8.20224 8.2267
2015.46027 8.66277 8.2361
2015.46301 7.11904 7.8973
2015.46575 8.46108 8.0705
2015.46849 8.11687 8.0312
2015.47123 8.35064 8.0367
2015.47397 8.00881 7.823
2015.47671 8.06481 7.5537
2015.47945 7.27877 7.6695
2015.48219 7.08044 7.5699
2015.48493 8.83276 8.1076
2015.48767 8.31688 8.6053
2015.49041 9.32587 8.5107
2015.49315 8.39098 8.7776
2015.49589 8.98599 8.6483
2015.49863 8.37068 8.0135
2015.50137 8.3912 8.3668
2015.50411 8.97548 8.278
2015.50685 8.33276 8.6205
2015.50959 9.37272 8.6505
2015.51233 8.19382 8.4244
2015.51507 9.01571 8.4586
2015.51781 8.28066 8.4264
2015.52055 7.81216 7.6943
2015.52329 7.51542 7.9041
2015.52603 8.1626 8.1568
2015.52877 8.89866 8.2016
2015.53151 8.12593 8.26
2015.53425 8.91843 8.0927
2015.53699 8.07983 8.2601
2015.53973 7.10884 6.6327
2015.54247 7.81612 7.6615
2015.54521 8.25958 8.2688
2015.54795 8.91281 8.2086
2015.55068 8.16409 8.2278
2015.55342 9.23754 8.4736
2015.55616 NaN NaN
2015.5589 NaN NaN
2015.56164 NaN NaN
2015.56438 8.36859 8.0299
2015.56712 8.14213 8.1734
2015.56986 8.04467 8.0448
2015.5726 7.06745 6.5039
2015.57534 6.47023 6.3058
2015.57808 7.61339 6.5796
2015.58082 6.4945 5.7444
2015.58356 7.32433 6.2723
2015.5863 7.83426 7.5616
2015.58904 5.55871 5.7118
2015.59178 7.93559 6.4502
2015.59452 NaN NaN
2015.59726 8.2804 7.6176
2015.6 6.82243 7.2966
2015.60274 8.26988 7.7088
2015.60548 7.79175 7.8896
2015.60822 6.18009 5.846
2015.61096 6.90212 6.7565
2015.6137 7.44082 7.4347
2015.61644 7.77682 7.1059
2015.61918 7.34214 7.336
2015.62192 6.66545 6.5107
2015.62466 7.36251 7.2512
2015.6274 NaN NaN
2015.63014 NaN NaN
2015.63288 6.86619 7.0602
2015.63562 7.97464 7.3027
2015.63836 7.42701 7.4605
2015.6411 7.70677 7.0111
2015.64384 6.85163 7.0524
2015.64658 6.95883 6.511
2015.64932 5.79652 6.3157
2015.65205 7.5115 7.0983
2015.65479 7.38739 7.6237
2015.65753 6.20988 6.7776
2015.66027 7.85592 7.1867
2015.66301 6.95239 7.027
2015.66575 7.1055 6.5848
2015.66849 5.85555 6.6625
2015.67123 7.43854 7.1891
2015.67397 3.05134 2.527
2015.67671 5.51757 5.3447
2015.67945 NaN NaN
2015.68219 6.87028 6.2582
2015.68493 6.93746 6.0631
2015.68767 6.86358 6.4499
2015.69041 7.24007 6.6341
2015.69315 7.23646 6.9513
2015.69589 7.57284 7.059
2015.69863 7.37194 7.1006
2015.70137 7.31128 6.993
2015.70411 NaN NaN
2015.70685 7.01091 6.7747
2015.70959 7.23516 6.8427
2015.71233 NaN NaN
2015.71507 5.70441 5.4697
2015.71781 NaN NaN
2015.72055 5.5659 4.6952
2015.72329 NaN NaN
2015.72603 NaN NaN
2015.72877 NaN NaN
2015.73151 5.28654 5.3737
2015.73425 5.84471 5.9551
2015.73699 6.73585 6.1071
2015.73973 NaN NaN
2015.74247 NaN NaN
2015.74521 6.41662 6.1476
2015.74795 6.32497 5.1288
2015.75068 4.7855 5.1941
2015.75342 6.89552 6.1068
2015.75616 6.52378 6.4421
2015.7589 6.82635 6.4154
2015.76164 6.7037 6.4268
2015.76438 6.67263 6.265
2015.76712 6.00662 5.8099
2015.76986 5.15373 5.3055
2015.7726 5.87888 5.5709
2015.77534 5.87604 5.9173
2015.77808 6.45387 5.9763
2015.78082 6.12824 5.8768
2015.78356 5.93515 5.4972
2015.7863 NaN NaN
2015.78904 5.82355 5.7578
2015.79178 NaN NaN
2015.79452 5.39701 4.5894
2015.79726 NaN NaN
2015.8 NaN NaN
2015.80274 3.20019 3.1915
2015.80548 5.54238 5.1978
2015.80822 2.89155 5.4859
2015.81096 4.58024 4.4853
2015.8137 5.60589 5.3174
2015.81644 5.88578 5.2707
2015.81918 NaN NaN
2015.82192 NaN NaN
2015.82466 NaN NaN
2015.8274 4.18035 3.7119
2015.83014 5.6199 5.1199
2015.83288 4.20356 4.628
2015.83562 5.31788 5.2626
2015.83836 5.323 5.0873
2015.8411 5.43467 4.5535
2015.84384 5.22338 4.9862
2015.84658 5.52273 4.9633
2015.84932 5.0788 4.4106
2015.85205 1.73256 4.0423
2015.85479 2.38622 2.5907
2015.85753 3.23545 2.7765
2015.86027 5.35451 4.8615
2015.86301 5.12559 5.0093
2015.86575 5.28733 4.8709
2015.86849 5.12115 4.7694
2015.87123 4.87203 4.7742
2015.87397 5.21392 4.8375
2015.87671 4.02375 4.7549
2015.87945 5.16349 4.6942
2015.88219 4.77119 4.5955
2015.88493 5.15707 4.6241
2015.88767 4.86962 4.8169
2015.89041 4.78566 4.7572
2015.89315 4.45572 4.2804
2015.89589 4.34869 4.6119
2015.89863 4.99115 4.7822
2015.90137 4.66463 4.6662
2015.90411 4.98767 4.6904
2015.90685 4.63856 4.6535
2015.90959 4.75793 4.4071
2015.91233 4.13221 4.1352
2015.91507 4.36045 4.4128
2015.91781 4.37522 4.5665
2015.92055 3.12503 4.1726
2015.92329 4.73672 4.5134
2015.92603 4.58044 4.4692
2015.92877 4.6196 4.3079
2015.93151 NaN NaN
2015.93425 3.63645 3.9742
2015.93699 4.05487 4.3064
2015.93973 2.16784 4.3568
2015.94247 4.51748 4.2312
2015.94521 4.43376 4.3368
2015.94795 4.66907 4.3951
2015.95068 NaN NaN
2015.95342 NaN NaN
2015.95616 NaN NaN
2015.9589 4.40229 4.3426
2015.96164 4.0829 4.3197
2015.96438 4.49996 4.292
2015.96712 4.66367 4.3689
2015.96986 3.70364 3.6093
2015.9726 4.08106 4.163
2015.97534 3.71558 3.7148
2015.97808 NaN NaN
2015.98082 NaN NaN
2015.98356 4.1437 4.1838
2015.9863 4.3588 3.8883
2015.98904 3.05905 3.1998
2015.99178 4.49259 4.1562
2015.99452 NaN NaN
2015.99726 4.77689 4.3079
